muav(1) = 0.0001;
musv(1) = 1.0000;
gv(1) = 1.0000;

muav(2) = 2.4026;
musv(2) = 202.0202;
gv(2) = 0.9000;

muav(3) = 0.2753;
musv(3) = 98.4777;
gv(3) = 0.9000;

muav(4) = 1.0000;
musv(4) = 100.0000;
gv(4) = 0.9000;

muav(5) = 0.4100;
musv(5) = 10.0000;
gv(5) = 1.0000;

muav(6) = 0.3547;
musv(6) = 83.4106;
gv(6) = 0.9000;

muav(7) = 0.3547;
musv(7) = 83.4106;
gv(7) = 0.9000;

